two_0.jpg 36 70 138 206
two_1.jpg 36 70 138 206
two_2.jpg 36 70 138 206
two_3.jpg 36 70 138 206
two_4.jpg 36 70 138 206
two_5.jpg 99 0 199 138
two_6.jpg 99 0 199 138
two_7.jpg 99 0 199 138
two_8.jpg 99 0 199 138
two_9.jpg 99 0 199 138
two_10.jpg 51 80 152 224
two_11.jpg 51 80 152 224
two_12.jpg 51 80 152 224
two_13.jpg 51 80 152 224
two_14.jpg 51 80 152 224
two_15.jpg 82 45 177 189
two_16.jpg 82 45 177 189
two_17.jpg 82 45 177 189
two_18.jpg 82 45 177 189
two_19.jpg 82 45 177 189
two_20.jpg 57 30 154 174
two_21.jpg 57 30 154 174
two_22.jpg 57 30 154 174
two_23.jpg 57 30 154 174
two_24.jpg 57 30 154 174
two_25.jpg 94 56 190 206
two_26.jpg 94 56 190 206
two_27.jpg 94 56 190 206
two_28.jpg 94 56 190 206
two_29.jpg 94 56 190 206
two_30.jpg 72 17 171 156
two_31.jpg 72 17 171 156
two_32.jpg 72 17 171 156
two_33.jpg 72 17 171 156
two_34.jpg 72 17 171 156
two_35.jpg 49 64 145 207
two_36.jpg 49 64 145 207
two_37.jpg 49 64 145 207
two_38.jpg 49 64 145 207
two_39.jpg 49 64 145 207
two_40.jpg 82 91 175 239
two_41.jpg 82 91 175 239
two_42.jpg 82 91 175 239
two_43.jpg 82 91 175 239
two_44.jpg 82 91 175 239
two_45.jpg 124 54 229 199