one_0.jpg 47 13 135 153
one_1.jpg 47 13 135 153
one_2.jpg 47 13 135 153
one_3.jpg 47 13 135 153
one_4.jpg 47 13 135 153
one_5.jpg 63 81 154 217
one_6.jpg 63 81 154 217
one_7.jpg 63 81 154 217
one_8.jpg 63 81 154 217
one_9.jpg 63 81 154 217
one_10.jpg 74 31 169 169
one_11.jpg 74 31 169 169
one_12.jpg 74 31 169 169
one_13.jpg 74 31 169 169
one_14.jpg 74 31 169 169
one_15.jpg 85 44 177 187
one_16.jpg 85 44 177 187
one_17.jpg 85 44 177 187
one_18.jpg 85 44 177 187
one_19.jpg 85 44 177 187
one_20.jpg 95 0 192 122
one_21.jpg 95 0 192 122
one_22.jpg 95 0 192 122
one_23.jpg 95 0 192 122
one_24.jpg 95 0 192 122
one_25.jpg 78 65 166 198
one_26.jpg 78 65 166 198
one_27.jpg 78 65 166 198
one_28.jpg 78 65 166 198
one_29.jpg 78 65 166 198
one_30.jpg 47 0 137 122
one_31.jpg 47 0 137 122
one_32.jpg 47 0 137 122
one_33.jpg 47 0 137 122
one_34.jpg 47 0 137 122
one_35.jpg 99 0 191 137
one_36.jpg 99 0 191 137
one_37.jpg 99 0 191 137
one_38.jpg 99 0 191 137
one_39.jpg 99 0 191 137
one_40.jpg 56 77 146 223
one_41.jpg 56 77 146 223
one_42.jpg 56 77 146 223
one_43.jpg 56 77 146 223
one_44.jpg 56 77 146 223
one_45.jpg 74 36 173 173
one_46.jpg 74 36 173 173
one_47.jpg 74 36 173 173
one_48.jpg 74 36 173 173
one_49.jpg 74 36 173 173
one_50.jpg 110 62 200 203
one_51.jpg 110 62 200 203
one_52.jpg 110 62 200 203
one_53.jpg 110 62 200 203
one_54.jpg 110 62 200 203
one_55.jpg 53 105 141 239
one_56.jpg 53 105 141 239
one_57.jpg 53 105 141 239
one_58.jpg 53 105 141 239
one_59.jpg 53 105 141 239
one_60.jpg 82 30 188 171
one_61.jpg 82 30 188 171
one_62.jpg 82 30 188 171
one_63.jpg 82 30 188 171
one_64.jpg 82 30 188 171
one_65.jpg 84 55 175 191
one_66.jpg 84 55 175 191
one_67.jpg 84 55 175 191
one_68.jpg 84 55 175 191
one_69.jpg 84 55 175 191
one_70.jpg 110 60 207 205
one_71.jpg 110 60 207 205
one_72.jpg 110 60 207 205
one_73.jpg 110 60 207 205
one_74.jpg 110 60 207 205
