fist_0.jpg 83 17 188 108
fist_1.jpg 83 17 188 108
fist_2.jpg 83 17 188 108
fist_3.jpg 83 17 188 108
fist_4.jpg 83 17 188 108
fist_5.jpg 123 62 221 155
fist_5.jpg 37 90 134 186
fist_6.jpg 37 90 134 186
fist_7.jpg 37 90 134 186
fist_8.jpg 37 90 134 186
fist_9.jpg 37 90 134 186
fist_10.jpg 70 38 162 138
fist_11.jpg 70 38 162 138 
fist_12.jpg 70 38 162 138
fist_13.jpg 70 38 162 138
fist_14.jpg 70 38 162 138
fist_15.jpg 52 85 148 181
fist_16.jpg 52 85 148 181
fist_17.jpg 52 85 148 181
fist_18.jpg 52 85 148 181
fist_19.jpg 52 85 148 181
fist_20.jpg 84 73 177 164
fist_21.jpg 84 73 177 164
fist_22.jpg 84 73 177 164
fist_23.jpg 84 73 177 164
fist_24.jpg 84 73 177 164
fist_25.jpg 67 76 157 163
fist_26.jpg 67 76 157 163
fist_27.jpg 67 76 157 163
fist_28.jpg 67 76 157 163
fist_29.jpg 67 76 157 163
fist_30.jpg 125 35 224 126
fist_31.jpg 125 35 224 126
fist_32.jpg 125 35 224 126
fist_33.jpg 125 35 224 126
fist_34.jpg 125 35 224 126
fist_35.jpg 26 51 116 152
fist_36.jpg 26 51 116 152
fist_37.jpg 26 51 116 152
fist_38.jpg 26 51 116 152
fist_39.jpg 26 51 116 152
fist_40.jpg 57 33 160 131
fist_41.jpg 57 33 160 131
fist_42.jpg 57 33 160 131
fist_43.jpg 57 33 160 131
fist_44.jpg 57 33 160 131
fist_45.jpg 98 47 195 146
fist_46.jpg 98 47 195 146
fist_47.jpg 98 47 195 146
fist_48.jpg 98 47 195 146
fist_49.jpg 98 47 195 146
fist_50.jpg 102 67 199 158
fist_51.jpg 102 67 199 158
fist_52.jpg 102 67 199 158
fist_53.jpg 102 67 199 158
fist_54.jpg 102 67 199 158
fist_55.jpg 54 18 147 111
fist_56.jpg 54 18 147 111
fist_57.jpg 54 18 147 111
fist_58.jpg 54 18 147 111
fist_59.jpg 54 18 147 111
fist_60.jpg 72 85 160 187
fist_61.jpg 72 85 160 187
fist_62.jpg 72 85 160 187
fist_63.jpg 72 85 160 187
fist_64.jpg 72 85 160 187
fist_65.jpg 99 70 192 167
fist_66.jpg 99 70 192 167
fist_67.jpg 99 70 192 167
fist_68.jpg 99 70 192 167
fist_69.jpg 99 70 192 167
fist_70.jpg 49 50 151 145
fist_71.jpg 49 50 151 145
fist_72.jpg 49 50 151 145
fist_73.jpg 49 50 151 145
fist_74.jpg 49 50 151 145
fist_75.jpg 100 82 198 179
fist_76.jpg 100 82 198 179
fist_77.jpg 100 82 198 179
fist_78.jpg 100 82 198 179
fist_79.jpg 100 82 198 179
