one_0.jpg 137 3 273 220
one_1.jpg 137 3 273 220
one_2.jpg 137 3 273 220
one_3.jpg 30 15 156 182
one_4.jpg 30 15 156 182
one_5.jpg 30 15 156 182
one_6.jpg 81 66 208 255
one_7.jpg 81 66 208 255
one_8.jpg 81 66 208 255
one_9.jpg 157 28 285 208
one_10.jpg 157 28 285 208
one_11.jpg 157 28 285 208
one_12.jpg 118 68 239 255
one_13.jpg 118 68 239 255
one_14.jpg 118 68 239 255
one_15.jpg 116 114 244 295
one_16.jpg 116 114 244 295
one_17.jpg 116 114 244 295
one_18.jpg 109 0 238 145
one_19.jpg 109 0 238 145
one_20.jpg 109 0 238 145
one_21.jpg 80 76 209 264
one_22.jpg 80 76 209 264
one_23.jpg 80 76 209 264
one_24.jpg 134 75 244 271
one_25.jpg 134 75 244 271
one_26.jpg 134 75 244 271
one_27.jpg 108 0 228 174
one_28.jpg 108 0 228 174
one_29.jpg 108 0 228 174
one_30.jpg 34 141 166 316
one_31.jpg 34 141 166 316
one_32.jpg 34 141 166 316
one_33.jpg 87 88 227 274
one_34.jpg 87 88 227 274
one_35.jpg 87 88 227 274
one_36.jpg 191 54 316 231
one_37.jpg 191 54 316 231
one_38.jpg 191 54 316 231
one_39.jpg 3 6 131 200
one_40.jpg 3 6 131 200
one_41.jpg 3 6 131 200
one_42.jpg 154 56 277 248
one_43.jpg 154 56 277 248
one_44.jpg 154 56 277 248
one_45.jpg 109 99 246 261
one_46.jpg 109 99 246 261
one_47.jpg 109 99 246 261
one_48.jpg 72 68 207 256
one_49.jpg 72 68 207 256
one_50.jpg 72 68 207 256
one_51.jpg 104 118 249 301
one_52.jpg 104 118 249 301
one_53.jpg 104 118 249 301
one_54.jpg 47 54 172 250
one_55.jpg 47 54 172 250
one_56.jpg 47 54 172 250
one_57.jpg 109 138 239 320
one_58.jpg 109 138 239 320
one_59.jpg 109 138 239 320
one_60.jpg 81 0 207 176
one_61.jpg 81 0 207 176
one_62.jpg 81 0 207 176
one_63.jpg 118 96 244 294
one_64.jpg 118 96 244 294
one_65.jpg 118 96 244 294
one_66.jpg 60 156 187 320
one_67.jpg 60 156 187 320
one_68.jpg 60 156 187 320
one_69.jpg 57 55 193 250
one_70.jpg 57 55 193 250
one_71.jpg 57 55 193 250
one_72.jpg 83 50 212 248
one_73.jpg 83 50 212 248
one_74.jpg 83 50 212 248
one_75.jpg 31 25 159 228
one_76.jpg 31 25 159 228
one_77.jpg 31 25 159 228
one_78.jpg 107 69 241 259
one_79.jpg 107 69 241 259
one_80.jpg 59 25 187 224
one_81.jpg 59 25 187 224
one_82.jpg 59 25 187 224
one_83.jpg 121 94 250 291
one_84.jpg 121 94 250 291
one_85.jpg 121 94 250 291
one_86.jpg 0 120 120 307
one_87.jpg 0 120 120 307
one_88.jpg 0 120 120 307
one_89.jpg 102 123 227 320
one_90.jpg 102 123 227 320
one_91.jpg 102 123 227 320
one_92.jpg 0 40 104 233
one_93.jpg 0 40 104 233
one_94.jpg 0 40 104 233
one_95.jpg 130 100 266 292
one_96.jpg 130 100 266 292
one_97.jpg 130 100 266 292
one_98.jpg 133 50 253 234
one_99.jpg 133 50 253 234
one_100.jpg 133 50 253 234
