fist_0.jpg 96 5 230 131
fist_1.jpg 96 5 230 131
fist_2.jpg 96 5 230 131
fist_3.jpg 157 172 292 305
fist_4.jpg 157 172 292 305
fist_5.jpg 157 172 292 305
fist_6.jpg 69 33 195 168
fist_7.jpg 69 33 195 168
fist_8.jpg 69 33 195 168
fist_9.jpg 106 43 232 170
fist_10.jpg 106 43 232 170
fist_11.jpg 106 43 232 170
fist_12.jpg 59 105 192 243
fist_13.jpg 59 105 192 243
fist_14.jpg 59 105 192 243
fist_15.jpg 67 190 188 320
fist_16.jpg 67 190 188 320
fist_17.jpg 67 190 188 320
fist_18.jpg 96 70 217 195
fist_19.jpg 96 70 217 195
fist_20.jpg 96 70 217 195
fist_21.jpg 130 129 254 251
fist_22.jpg 130 129 254 251
fist_23.jpg 130 129 254 251
fist_24.jpg 0 4 94 137
fist_25.jpg 0 4 94 137
fist_26.jpg 0 4 94 137
fist_27.jpg 53 59 184 194
fist_28.jpg 53 59 184 194
fist_29.jpg 53 59 184 194
fist_30.jpg 167 60 303 196
fist_31.jpg 167 60 303 196
fist_32.jpg 167 60 303 196
fist_33.jpg 102 59 231 175
fist_34.jpg 102 59 231 175
fist_35.jpg 102 59 231 175
fist_36.jpg 138 114 262 235
fist_37.jpg 138 114 262 235
fist_38.jpg 138 114 262 235
fist_39.jpg 0 120 138 250
fist_40.jpg 0 120 138 250
fist_41.jpg 0 120 138 250
fist_42.jpg 97 80 225 206
fist_43.jpg 97 80 225 206
fist_44.jpg 97 80 225 206
fist_45.jpg 80 108 217 245
fist_46.jpg 80 108 217 245
fist_47.jpg 80 108 217 245
fist_48.jpg 86 86 221 213
fist_49.jpg 86 86 221 213
fist_50.jpg 86 86 221 213
fist_51.jpg 107 153 226 275
fist_52.jpg 107 153 226 275
fist_53.jpg 107 153 226 275
fist_54.jpg 44 159 170 287
fist_55.jpg 44 159 170 287
fist_56.jpg 44 159 170 287
fist_57.jpg 147 95 270 216
fist_58.jpg 147 95 270 216
fist_59.jpg 147 95 270 216
fist_60.jpg 107 91 235 208
fist_61.jpg 107 91 235 208
fist_62.jpg 107 91 235 208
fist_63.jpg 64 153 197 277
fist_64.jpg 64 153 197 277
fist_65.jpg 64 153 197 277
fist_66.jpg 94 131 228 261
fist_67.jpg 94 131 228 261
fist_68.jpg 94 131 228 261
fist_69.jpg 129 129 254 246
fist_70.jpg 129 129 254 246
fist_71.jpg 129 129 254 246
fist_72.jpg 123 157 257 289
fist_73.jpg 123 157 257 289
fist_74.jpg 123 157 257 289
fist_75.jpg 104 193 237 318
fist_76.jpg 104 193 237 318
fist_77.jpg 104 193 237 318
fist_78.jpg 159 133 281 271
fist_79.jpg 159 133 281 271
fist_80.jpg 159 133 281 271
fist_81.jpg 68 82 186 200
fist_82.jpg 68 82 186 200
fist_83.jpg 68 82 186 200
fist_84.jpg 117 145 242 275
fist_85.jpg 117 145 242 275
fist_86.jpg 117 145 242 275
fist_87.jpg 21 170 161 293
fist_88.jpg 21 170 161 293
fist_89.jpg 21 170 161 293
fist_90.jpg 147 73 269 204
fist_91.jpg 147 73 269 204
fist_92.jpg 147 73 269 204
fist_93.jpg 0 153 108 274
fist_94.jpg 0 153 108 274
fist_95.jpg 0 153 108 274
fist_96.jpg 119 0 240 124
fist_97.jpg 119 0 240 124
fist_98.jpg 119 0 240 124
fist_99.jpg 103 99 226 234
fist_100.jpg 103 99 226 234
